learning_rate,loss,n_estimators
0.2,exponential,100
